0000000100000001000000010000000100000001000000010000000100000001
0000000200000002000000010000000200000002000000020000000100000002
0000000200000002000000010000000200000002000000010000000200000002
0000000200000002000000020000000200000002000000010000000100000002
0000000200000002000000010000000200000002000000020000000100000002
0000000200000002000000010000000200000002000000020000000200000002
0000000200000002000000020000000100000002000000020000000100000002
0000000200000002000000010000000200000002000000020000000100000002
0000000200000001000000010000000100000001000000010000000100000001
0000000100000001000000020000000200000001000000020000000200000002
0000000100000002000000020000000200000001000000020000000200000001
0000000200000002000000020000000200000002000000020000000200000002
0000000200000002000000020000000200000002000000020000000200000002
0000000200000002000000020000000200000002000000020000000200000001
0000000200000002000000020000000200000002000000020000000100000002
0000000200000002000000020000000200000002000000020000000200000002
0000000200000002000000020000000200000002000000020000000200000002
0000000200000002000000020000000200000002000000020000000100000002
0000000200000001000000020000000200000002000000010000000200000002
0000000200000001000000020000000200000001000000020000000200000002
0000000200000002000000020000000200000002000000020000000200000002
0000000200000002000000020000000200000002000000020000000200000002
0000000200000002000000020000000200000002000000020000000200000002
0000000200000002000000020000000200000002000000020000000200000002
0000000200000002000000020000000200000002000000020000000200000002
0000000200000002000000020000000200000002000000020000000200000002
0000000200000002000000020000000200000002000000020000000200000002
0000000200000002000000020000000200000002000000020000000200000002
0000000200000002000000020000000200000002000000020000000100000001
0000000200000002000000020000000100000002000000020000000200000001
0000000200000002000000020000000100000002000000010000000200000002
0000000200000002000000020000000200000001000000020000000200000002
0000000200000002000000020000000200000002000000020000000200000002
0000000200000002000000020000000200000002000000020000000200000002
0000000200000002000000020000000200000002000000020000000200000002
0000000200000002000000020000000200000002000000020000000200000002
0000000200000002000000020000000100000002000000020000000200000002
0000000200000002000000010000000100000001000000020000000200000002
0000000100000002000000020000000200000001000000020000000200000002
0000000100000002000000020000000200000002000000020000000200000002
0000000200000002000000020000000200000002000000020000000200000002
0000000200000002000000020000000200000002000000020000000200000002
0000000200000002000000020000000200000002000000020000000200000002
0000000200000002000000020000000200000002000000020000000200000002
0000000200000002000000020000000200000002000000020000000200000002
0000000200000002000000020000000200000002000000020000000200000002
0000000200000002000000020000000200000002000000020000000200000002
0000000200000002000000020000000200000002000000020000000200000002
0000000200000002000000020000000100000002000000020000000100000002
0000000200000002000000010000000200000002000000020000000100000002
0000000200000002000000020000000200000002000000020000000200000002
0000000200000002000000020000000200000002000000020000000200000002
0000000200000002000000020000000200000002000000020000000200000002
0000000200000001000000020000000200000002000000020000000200000002
0000000100000002000000020000000200000002000000020000000200000002
0000000200000002000000020000000200000002000000020000000200000002
0000000200000002000000020000000200000002000000020000000200000002
0000000100000002000000020000000100000002000000020000000200000001
0000000200000002000000020000000100000002000000020000000200000002
0000000200000002000000020000000200000002000000020000000200000002
0000000200000002000000020000000200000002000000020000000200000002
0000000200000002000000020000000200000002000000020000000200000002
0000000200000002000000020000000200000002000000020000000200000002
0000000200000002000000020000000200000002000000020000000200000002
0000000200000002000000020000000200000002000000020000000200000002
0000000200000002000000020000000200000002000000020000000200000002
0000000200000002000000020000000200000002000000020000000200000002
0000000200000002000000020000000200000002000000020000000200000002
0000000100000001000000020000000200000002000000010000000200000002
0000000200000001000000020000000200000002000000010000000200000001
0000000200000002000000020000000200000002000000020000000100000002
0000000200000002000000020000000200000002000000020000000200000002
0000000200000002000000020000000200000002000000020000000200000002
0000000200000002000000020000000200000002000000020000000200000002
0000000200000002000000020000000200000002000000020000000200000002
0000000200000002000000020000000200000002000000010000000200000002
0000000200000002000000020000000200000001000000010000000100000002
0000000200000002000000010000000200000002000000020000000100000002
0000000200000002000000010000000200000002000000020000000200000002
0000000200000002000000020000000200000002000000020000000200000002
0000000200000002000000020000000200000002000000020000000200000002
0000000200000002000000020000000200000002000000020000000200000002
0000000200000002000000020000000200000002000000020000000200000002
0000000200000002000000020000000200000002000000020000000200000002
0000000200000002000000020000000200000002000000020000000200000002
0000000200000002000000020000000200000002000000020000000200000002
0000000200000002000000020000000200000002000000020000000200000002
0000000200000002000000020000000200000002000000010000000200000002
0000000100000002000000020000000200000001000000020000000200000002
0000000100000002000000020000000200000002000000020000000200000002
0000000200000002000000020000000200000002000000020000000200000002
0000000200000002000000020000000200000002000000020000000200000002
0000000200000002000000020000000100000002000000020000000200000002
0000000200000002000000010000000200000002000000020000000200000002
0000000200000002000000020000000200000002000000020000000200000002
0000000200000002000000020000000200000002000000020000000200000002
0000000200000002000000010000000200000002000000010000000200000002
0000000200000001000000020000000200000002000000010000000200000002
0000000200000002000000020000000200000002000000020000000200000002
0000000200000002000000020000000200000002000000020000000200000002
0000000200000002000000020000000200000002000000020000000200000002
0000000200000002000000020000000200000002000000020000000200000002
0000000200000002000000020000000200000002000000020000000200000002
0000000200000002000000020000000200000002000000020000000200000002
0000000200000002000000020000000200000002000000020000000200000002
0000000200000002000000020000000200000002000000020000000200000002
0000000200000002000000020000000200000002000000020000000200000002
0000000200000002000000010000000100000002000000020000000200000001
0000000200000002000000020000000100000002000000020000000200000001
0000000200000001000000020000000200000002000000020000000200000002
0000000100000002000000020000000200000002000000020000000200000002
0000000200000002000000020000000200000002000000020000000200000002
0000000200000002000000020000000200000002000000020000000200000002
0000000200000002000000020000000200000002000000020000000200000002
0000000200000002000000020000000200000002000000020000000200000001
0000000200000002000000020000000200000002000000020000000100000001
0000000100000002000000020000000200000001000000020000000200000002
0000000100000002000000020000000200000001000000020000000200000002
0000000200000002000000020000000200000002000000020000000200000002
0000000200000002000000020000000200000002000000020000000200000002
0000000200000002000000020000000200000002000000020000000200000002
0000000200000002000000020000000200000002000000020000000200000002
0000000200000002000000020000000200000002000000020000000200000002
0000000200000002000000020000000200000002000000020000000200000002
0000000200000002000000020000000200000002000000020000000200000002
0000000200000002000000020000000200000002000000020000000200000002
0000000200000002000000020000000200000002000000020000000200000001
0000000200000002000000010000000200000002000000020000000100000002
0000000200000002000000010000000200000002000000020000000200000002
0000000200000002000000020000000200000002000000020000000200000002
0000000200000002000000020000000200000002000000020000000200000002
0000000200000002000000020000000200000002000000010000000200000002
0000000200000002000000020000000200000001000000020000000200000002
0000000200000002000000020000000200000002000000020000000200000002
0000000200000002000000020000000200000002000000020000000200000002
0000000200000002000000020000000200000001000000020000000200000001
0000000200000002000000020000000100000002000000020000000200000001
0000000200000002000000020000000200000002000000020000000200000002
0000000200000002000000020000000200000002000000020000000200000002
0000000200000002000000020000000200000002000000020000000200000002
0000000200000002000000020000000200000002000000020000000200000002
0000000200000002000000020000000200000002000000020000000200000002
0000000200000002000000020000000200000002000000020000000200000002
0000000200000002000000020000000200000002000000020000000200000002
0000000200000002000000020000000200000002000000020000000200000002
0000000200000002000000020000000200000002000000020000000200000002
0000000200000002000000020000000200000001000000010000000200000002
0000000200000001000000020000000200000002000000010000000200000002
0000000200000001000000020000000100000002000000020000000200000002
0000000200000002000000010000000200000002000000020000000200000002
0000000200000002000000020000000200000002000000020000000200000002
0000000200000002000000020000000200000002000000020000000200000002
0000000200000002000000020000000200000002000000020000000200000002
0000000200000002000000020000000200000002000000020000000200000002
0000000200000001000000020000000200000002000000020000000200000002
0000000100000001000000010000000200000002000000020000000100000002
0000000200000002000000010000000200000002000000020000000100000002
0000000200000002000000020000000200000002000000020000000200000002
0000000200000002000000020000000200000002000000020000000200000002
0000000200000002000000020000000200000002000000020000000200000002
0000000200000002000000020000000200000002000000020000000200000002
0000000200000002000000020000000200000002000000020000000200000002
0000000200000002000000020000000200000002000000020000000200000002
0000000200000002000000020000000200000002000000020000000200000002
0000000200000002000000020000000200000002000000020000000200000002
0000000200000002000000020000000200000002000000020000000200000002
0000000200000001000000020000000200000001000000020000000200000002
0000000100000002000000020000000200000001000000020000000200000002
0000000200000002000000020000000200000002000000020000000200000002
0000000200000002000000020000000200000002000000020000000200000002
0000000200000002000000020000000200000002000000020000000200000001
0000000200000002000000020000000200000002000000020000000100000002
0000000200000002000000020000000200000002000000020000000200000002
0000000200000002000000020000000200000002000000020000000200000002
0000000200000002000000020000000200000002000000020000000100000002
0000000200000001000000020000000200000002000000010000000200000002
0000000200000001000000020000000200000002000000020000000200000002
0000000200000002000000020000000200000002000000020000000200000002
0000000200000002000000020000000200000002000000020000000200000002
0000000200000002000000020000000200000002000000020000000200000002
0000000200000002000000020000000200000002000000020000000200000002
0000000200000002000000020000000200000002000000020000000200000002
0000000200000002000000020000000200000002000000020000000200000002
0000000200000002000000020000000200000002000000020000000200000002
0000000200000002000000020000000200000002000000020000000200000002
0000000200000002000000020000000200000002000000020000000100000001
0000000200000002000000020000000100000002000000020000000200000001
0000000200000002000000020000000100000002000000010000000200000002
0000000200000002000000020000000200000001000000020000000200000002
0000000200000002000000020000000200000002000000020000000200000002
0000000200000002000000020000000200000002000000020000000200000002
0000000200000002000000020000000200000002000000020000000200000002
0000000200000002000000020000000200000002000000020000000200000002
0000000200000002000000020000000100000002000000020000000200000002
0000000200000002000000010000000100000001000000020000000200000002
0000000100000002000000020000000200000001000000020000000200000002
0000000100000002000000020000000200000002000000020000000200000002
0000000200000002000000020000000200000002000000020000000200000002
0000000200000002000000020000000200000002000000020000000200000002
0000000200000002000000020000000200000002000000020000000200000002
0000000200000002000000020000000200000002000000020000000200000002
0000000200000002000000020000000200000002000000020000000200000002
0000000200000002000000020000000200000002000000020000000200000002
0000000200000002000000020000000200000002000000020000000200000002
0000000200000002000000020000000200000002000000020000000200000002
0000000200000002000000020000000100000002000000020000000100000002
0000000200000002000000010000000200000002000000020000000100000002
0000000200000002000000020000000200000002000000020000000200000002
0000000200000002000000020000000200000002000000020000000200000002
0000000200000002000000020000000200000002000000020000000200000002
0000000200000001000000020000000200000002000000020000000200000002
0000000100000002000000020000000200000002000000020000000200000002
0000000200000002000000020000000200000002000000020000000200000002
0000000200000002000000020000000200000002000000020000000200000002
0000000100000002000000020000000100000002000000020000000200000001
0000000200000002000000020000000100000002000000020000000200000002
0000000200000002000000020000000200000002000000020000000200000002
0000000200000002000000020000000200000002000000020000000200000002
0000000200000002000000020000000200000002000000020000000200000002
0000000200000002000000020000000200000002000000020000000200000002
0000000200000002000000020000000200000002000000020000000200000002
0000000200000002000000020000000200000002000000020000000200000002
0000000200000002000000020000000200000002000000020000000200000002
0000000200000002000000020000000200000002000000020000000200000002
0000000200000002000000020000000200000002000000020000000200000002
0000000100000001000000020000000200000002000000010000000200000002
0000000200000001000000020000000200000002000000010000000200000001
0000000200000002000000020000000200000002000000020000000100000002
0000000200000002000000020000000200000002000000020000000200000002
0000000200000002000000020000000200000002000000020000000200000002
0000000200000002000000020000000200000002000000020000000200000002
0000000200000002000000020000000200000002000000020000000200000002
0000000200000002000000020000000200000002000000010000000200000002
0000000200000002000000020000000200000001000000010000000100000002
0000000200000002000000010000000200000002000000020000000100000002
0000000200000002000000010000000200000002000000020000000200000002
0000000200000002000000020000000200000002000000020000000200000002
0000000200000002000000020000000200000002000000020000000200000002
0000000200000002000000020000000200000002000000020000000200000002
0000000200000002000000020000000200000002000000020000000200000002
0000000200000002000000020000000200000002000000020000000200000002
0000000200000002000000020000000200000002000000020000000200000002
0000000200000002000000020000000200000002000000020000000200000002
0000000200000002000000020000000200000002000000020000000200000002
0000000200000002000000020000000200000002000000010000000200000002
0000000100000002000000020000000200000001000000020000000200000002
0000000100000002000000020000000200000002000000020000000200000002
0000000200000002000000020000000200000002000000020000000200000002
0000000200000002000000020000000200000002000000020000000200000002
0000000200000002000000020000000100000002000000020000000200000002
0000000200000002000000010000000200000002000000020000000200000002
0000000200000002000000020000000200000002000000020000000200000002
0000000200000002000000020000000200000002000000020000000200000002
0000000200000002000000010000000200000002000000010000000200000002
0000000200000001000000020000000200000002000000010000000200000002
0000000200000002000000020000000200000002000000020000000200000002
0000000200000002000000020000000200000002000000020000000200000002
0000000200000002000000020000000200000002000000020000000200000002
0000000200000002000000020000000200000002000000020000000200000002
0000000200000002000000020000000200000002000000020000000200000002
0000000200000002000000020000000200000002000000020000000200000002
0000000200000002000000020000000200000002000000020000000200000002
0000000200000002000000020000000200000002000000020000000200000002
0000000200000002000000020000000200000002000000020000000200000002
0000000200000002000000010000000100000002000000020000000200000001
0000000200000002000000020000000100000002000000020000000200000001
0000000200000001000000020000000200000002000000020000000200000002
0000000100000002000000020000000200000002000000020000000200000002
0000000200000002000000020000000200000002000000020000000200000002
0000000200000002000000020000000200000002000000020000000200000002
0000000200000002000000020000000200000002000000020000000200000002
0000000200000002000000020000000200000002000000020000000200000001
0000000200000002000000020000000200000002000000020000000100000001
0000000100000002000000020000000200000001000000020000000200000002
0000000100000002000000020000000200000001000000020000000200000002
0000000200000002000000020000000200000002000000020000000200000002
0000000200000002000000020000000200000002000000020000000200000002
0000000200000002000000020000000200000002000000020000000200000002
0000000200000002000000020000000200000002000000020000000200000002
0000000200000002000000020000000200000002000000020000000200000002
0000000200000002000000020000000200000002000000020000000200000002
0000000200000002000000020000000200000002000000020000000200000002
0000000200000002000000020000000200000002000000020000000200000002
0000000200000002000000020000000200000002000000020000000200000001
0000000200000002000000010000000200000002000000020000000100000002
0000000200000002000000010000000200000002000000020000000200000002
0000000200000002000000020000000200000002000000020000000200000002
0000000200000002000000020000000200000002000000020000000200000002
0000000200000002000000020000000200000002000000010000000200000002
0000000200000002000000020000000200000001000000020000000200000002
0000000200000002000000020000000200000002000000020000000200000002
0000000200000002000000020000000200000002000000020000000200000002
0000000200000002000000020000000200000001000000020000000200000001
0000000200000002000000020000000100000002000000020000000200000001
0000000200000002000000020000000200000002000000020000000200000002
0000000200000002000000020000000200000002000000020000000200000002
0000000200000002000000020000000200000002000000020000000200000002
0000000200000002000000020000000200000002000000020000000200000002
0000000200000002000000020000000200000002000000020000000200000002
0000000200000002000000020000000200000002000000020000000200000002
0000000200000002000000020000000200000002000000020000000200000002
0000000200000002000000020000000200000002000000020000000200000002
0000000200000002000000020000000200000002000000020000000200000002
0000000200000002000000020000000200000001000000010000000200000002
0000000200000001000000020000000200000002000000010000000200000002
0000000200000001000000020000000100000002000000020000000200000002
0000000200000002000000010000000200000002000000020000000200000002
0000000200000002000000020000000200000002000000020000000200000002
0000000200000002000000020000000200000002000000020000000200000002
0000000200000002000000020000000200000002000000020000000200000002
0000000200000002000000020000000200000002000000020000000200000002
0000000200000001000000020000000200000002000000020000000200000002
0000000100000001000000010000000200000002000000020000000100000002
0000000200000002000000010000000200000002000000020000000100000002
0000000200000002000000020000000200000002000000020000000200000002
0000000200000002000000020000000200000002000000020000000200000002
0000000200000002000000020000000200000002000000020000000200000002
0000000200000002000000020000000200000002000000020000000200000002
0000000200000002000000020000000200000002000000020000000200000002
0000000200000002000000020000000200000002000000020000000200000002
0000000200000002000000020000000200000002000000020000000200000002
0000000200000002000000020000000200000002000000020000000200000002
0000000200000002000000020000000200000002000000020000000200000002
0000000200000001000000020000000200000001000000020000000200000002
0000000100000002000000020000000200000001000000020000000200000002
0000000200000002000000020000000200000002000000020000000200000002
0000000200000002000000020000000200000002000000020000000200000002
0000000200000002000000020000000200000002000000020000000200000001
0000000200000002000000020000000200000002000000020000000100000002
0000000200000002000000020000000200000002000000020000000200000002
0000000200000002000000020000000200000002000000020000000200000002
0000000200000002000000020000000200000002000000020000000100000002
0000000200000001000000020000000200000002000000010000000200000002
0000000200000001000000020000000200000002000000020000000200000002
0000000200000002000000020000000200000002000000020000000200000002
0000000200000002000000020000000200000002000000020000000200000002
0000000200000002000000020000000200000002000000020000000200000002
0000000200000002000000020000000200000002000000020000000200000002
0000000200000002000000020000000200000002000000020000000200000002
0000000200000002000000020000000200000002000000020000000200000002
0000000200000002000000020000000200000002000000020000000200000002
0000000200000002000000020000000200000002000000020000000200000002
0000000200000002000000020000000200000002000000020000000100000001
0000000200000002000000020000000100000002000000020000000200000001
0000000200000002000000020000000100000002000000010000000200000002
0000000200000002000000020000000200000001000000020000000200000002
0000000200000002000000020000000200000002000000020000000200000002
0000000200000002000000020000000200000002000000020000000200000002
0000000200000002000000020000000200000002000000020000000200000002
0000000200000002000000020000000200000002000000020000000200000002
0000000200000002000000020000000100000002000000020000000200000002
0000000200000002000000010000000100000001000000020000000200000002
0000000100000002000000020000000200000001000000020000000200000002
0000000100000002000000020000000200000002000000020000000200000002
0000000200000002000000020000000200000002000000020000000200000002
0000000200000002000000020000000200000002000000020000000200000002
0000000200000002000000020000000200000002000000020000000200000002
0000000200000002000000020000000200000002000000020000000200000002
0000000200000002000000020000000200000002000000020000000200000002
0000000200000002000000020000000200000002000000020000000200000002
0000000200000002000000020000000200000002000000020000000200000002
0000000200000002000000020000000200000002000000020000000200000002
0000000200000002000000020000000100000002000000020000000100000002
0000000200000002000000010000000200000002000000020000000100000002
0000000200000002000000020000000200000002000000020000000200000002
0000000200000002000000020000000200000002000000020000000200000002
0000000200000002000000020000000200000002000000020000000200000002
0000000200000001000000020000000200000002000000020000000200000002
0000000100000002000000020000000200000002000000020000000200000002
0000000200000002000000020000000200000002000000020000000200000002
0000000200000002000000020000000200000002000000020000000200000002
0000000100000002000000020000000100000002000000020000000200000001
0000000200000002000000020000000100000002000000020000000200000002
0000000200000002000000020000000200000002000000020000000200000002
0000000200000002000000020000000200000002000000020000000200000002
0000000200000002000000020000000200000002000000020000000200000002
0000000200000002000000020000000200000002000000020000000200000002
0000000200000002000000020000000200000002000000020000000200000002
0000000200000002000000020000000200000002000000020000000200000002
0000000200000002000000020000000200000002000000020000000200000002
0000000200000002000000020000000200000002000000020000000200000002
0000000200000002000000020000000200000002000000020000000200000002
0000000100000001000000020000000200000002000000010000000200000002
0000000200000001000000020000000200000002000000010000000200000001
0000000200000002000000020000000200000002000000020000000100000002
0000000200000002000000020000000200000002000000020000000200000002
0000000200000002000000020000000200000002000000020000000200000002
0000000200000002000000020000000200000002000000020000000200000002
0000000200000002000000020000000200000002000000020000000200000002
0000000200000002000000020000000200000002000000010000000200000002
0000000200000002000000020000000200000001000000010000000100000002
0000000200000002000000010000000200000002000000020000000100000002
0000000200000002000000010000000200000002000000020000000200000002
0000000200000002000000020000000200000002000000020000000200000002
0000000200000002000000020000000200000002000000020000000200000002
0000000200000002000000020000000200000002000000020000000200000002
0000000200000002000000020000000200000002000000020000000200000002
0000000200000002000000020000000200000002000000020000000200000002
0000000200000002000000020000000200000002000000020000000200000002
0000000200000002000000020000000200000002000000020000000200000002
0000000200000002000000020000000200000002000000020000000200000002
0000000200000002000000020000000200000002000000010000000200000002
0000000100000002000000020000000200000001000000020000000200000002
0000000100000002000000020000000200000002000000020000000200000002
0000000200000002000000020000000200000002000000020000000200000002
0000000200000002000000020000000200000002000000020000000200000002
0000000200000002000000020000000100000002000000020000000200000002
0000000200000002000000010000000200000002000000020000000200000002
0000000200000002000000020000000200000002000000020000000200000002
0000000200000002000000020000000200000002000000020000000200000002
0000000200000002000000010000000200000002000000010000000200000002
0000000200000001000000020000000200000002000000010000000200000002
0000000200000002000000020000000200000002000000020000000200000002
0000000200000002000000020000000200000002000000020000000200000002
0000000200000002000000020000000200000002000000020000000200000002
0000000200000002000000020000000200000002000000020000000200000002
0000000200000002000000020000000200000002000000020000000200000002
0000000200000002000000020000000200000002000000020000000200000002
0000000200000002000000020000000200000002000000020000000200000002
0000000200000002000000020000000200000002000000020000000200000002
0000000200000002000000020000000200000002000000020000000200000002
0000000200000002000000010000000100000002000000020000000200000001
0000000200000002000000020000000100000002000000020000000200000001
0000000200000001000000020000000200000002000000020000000200000002
0000000100000002000000020000000200000002000000020000000200000002
0000000200000002000000020000000200000002000000020000000200000002
0000000200000002000000020000000200000002000000020000000200000002
0000000200000002000000020000000200000002000000020000000200000002
0000000200000002000000020000000200000002000000020000000200000001
0000000200000002000000020000000200000002000000020000000100000001
0000000100000002000000020000000200000001000000020000000200000002
0000000100000002000000020000000200000001000000020000000200000002
0000000200000002000000020000000200000002000000020000000200000002
0000000200000002000000020000000200000002000000020000000200000002
0000000200000002000000020000000200000002000000020000000200000002
0000000200000002000000020000000200000002000000020000000200000002
0000000200000002000000020000000200000002000000020000000200000002
0000000200000002000000020000000200000002000000020000000200000002
0000000200000002000000020000000200000002000000020000000200000002
0000000200000002000000020000000200000002000000020000000200000002
0000000200000002000000020000000200000002000000020000000200000001
0000000200000002000000010000000200000002000000020000000100000002
0000000200000002000000010000000200000002000000020000000200000002
0000000200000002000000020000000200000002000000020000000200000002
0000000200000002000000020000000200000002000000020000000200000002
0000000200000002000000020000000200000002000000010000000200000002
0000000200000002000000020000000200000001000000020000000200000002
0000000200000002000000020000000200000002000000020000000200000002
0000000200000002000000020000000200000002000000020000000200000002
0000000200000002000000020000000200000001000000020000000200000001
0000000200000002000000020000000100000002000000020000000200000001
0000000200000002000000020000000200000002000000020000000200000002
0000000200000002000000020000000200000002000000020000000200000002
0000000200000002000000020000000200000002000000020000000200000002
0000000200000002000000020000000200000002000000020000000200000002
0000000200000002000000020000000200000002000000020000000200000002
0000000200000002000000020000000200000002000000020000000200000002
0000000200000002000000020000000200000002000000020000000200000002
0000000200000002000000020000000200000002000000020000000200000002
0000000200000002000000020000000200000002000000020000000200000002
0000000200000002000000020000000200000001000000010000000200000002
0000000200000001000000020000000200000002000000010000000200000002
0000000200000001000000020000000100000002000000020000000200000002
0000000200000002000000010000000200000002000000020000000200000002
0000000200000002000000020000000200000002000000020000000200000002
0000000200000002000000020000000200000002000000020000000200000002
0000000200000002000000020000000200000002000000020000000200000002
0000000200000002000000020000000200000002000000020000000200000002
0000000200000001000000020000000200000002000000020000000200000002
0000000100000001000000010000000200000002000000020000000100000002
0000000200000002000000010000000200000002000000020000000100000002
0000000200000002000000020000000200000002000000020000000200000002
0000000200000002000000020000000200000002000000020000000200000002
0000000200000002000000020000000200000002000000020000000200000002
0000000200000002000000020000000200000002000000020000000200000002
0000000200000002000000020000000200000002000000020000000200000002
0000000200000002000000020000000200000002000000020000000200000002
0000000200000002000000020000000200000002000000020000000200000002
0000000200000002000000020000000200000002000000020000000200000002
0000000200000002000000020000000200000002000000020000000200000002
0000000200000001000000020000000200000001000000020000000200000002
0000000100000002000000020000000200000001000000020000000200000002
0000000200000002000000020000000200000002000000020000000200000002
0000000200000002000000020000000200000002000000020000000200000002
0000000200000002000000020000000200000002000000020000000200000001
0000000200000002000000020000000200000002000000020000000100000002
0000000200000002000000020000000200000002000000020000000200000002
0000000200000002000000020000000200000002000000020000000200000002
0000000200000002000000020000000200000002000000020000000100000002
0000000200000001000000020000000200000002000000010000000200000002
0000000200000001000000020000000200000002000000020000000200000002
0000000200000002000000020000000200000002000000020000000200000002
0000000200000002000000020000000200000002000000020000000200000002
0000000200000002000000020000000200000002000000020000000200000002
0000000200000002000000020000000200000002000000020000000200000002
0000000200000002000000020000000200000002000000020000000200000002
0000000200000002000000020000000200000002000000020000000200000002
0000000200000002000000020000000200000002000000020000000200000002
0000000200000002000000020000000200000002000000020000000200000002
0000000200000002000000020000000200000002000000020000000100000001
0000000200000002000000020000000100000002000000020000000200000001
0000000200000002000000020000000100000002000000010000000200000002
0000000200000002000000020000000200000001000000020000000200000002
0000000200000002000000020000000200000002000000020000000200000002
0000000200000002000000020000000200000002000000020000000200000002
0000000200000002000000020000000200000002000000020000000200000002
0000000200000002000000020000000200000002000000020000000200000002
0000000200000002000000020000000100000002000000020000000200000002
0000000200000002000000010000000100000001000000020000000200000002
0000000100000002000000020000000200000001000000020000000200000002
0000000100000002000000020000000200000002000000020000000200000002
0000000200000002000000020000000200000002000000020000000200000002
0000000200000002000000020000000200000002000000020000000200000002
0000000200000002000000020000000200000002000000020000000200000002
0000000200000002000000020000000200000002000000020000000200000002
0000000200000002000000020000000200000002000000020000000200000002
0000000200000002000000020000000200000002000000020000000200000002
0000000200000002000000020000000200000002000000020000000200000002
0000000200000002000000020000000200000002000000020000000200000002
0000000200000002000000020000000100000002000000020000000100000002
0000000200000002000000010000000200000002000000020000000100000002
0000000200000002000000020000000200000002000000020000000200000002
0000000200000002000000020000000200000002000000020000000200000002
0000000200000002000000020000000200000002000000020000000200000002
0000000200000001000000020000000200000002000000020000000200000002
0000000100000002000000020000000200000002000000020000000200000002
0000000200000002000000020000000200000002000000020000000200000002
0000000200000002000000020000000200000002000000020000000200000002
0000000100000002000000020000000100000002000000020000000200000001
0000000200000002000000020000000100000002000000020000000200000002
0000000200000002000000020000000200000002000000020000000200000002
0000000200000002000000020000000200000002000000020000000200000002
0000000200000002000000020000000200000002000000020000000200000002
0000000200000002000000020000000200000002000000020000000200000002
0000000200000002000000020000000200000002000000020000000200000002
0000000200000002000000020000000200000002000000020000000200000002
0000000200000002000000020000000200000002000000020000000200000002
0000000200000002000000020000000200000002000000020000000200000002
0000000200000002000000020000000200000002000000020000000200000002
0000000100000001000000020000000200000002000000010000000200000002
0000000200000001000000020000000200000002000000010000000200000001
0000000200000002000000020000000200000002000000020000000100000002
0000000200000002000000020000000200000002000000020000000200000002
0000000200000002000000020000000200000002000000020000000200000002
0000000200000002000000020000000200000002000000020000000200000002
0000000200000002000000020000000200000002000000020000000200000002
0000000200000002000000020000000200000002000000010000000200000002
0000000200000002000000020000000200000001000000010000000100000002
0000000200000002000000010000000200000002000000020000000100000002
0000000200000002000000010000000200000002000000020000000200000002
0000000200000002000000020000000200000002000000020000000200000002
0000000200000002000000020000000200000002000000020000000200000002
0000000200000002000000020000000200000002000000020000000200000002
0000000200000002000000020000000200000002000000020000000200000002
0000000200000002000000020000000200000002000000020000000200000002
0000000200000002000000020000000200000002000000020000000200000002
0000000200000002000000020000000200000002000000020000000200000002
0000000200000002000000020000000200000002000000020000000200000002
0000000200000002000000020000000200000002000000010000000200000002
0000000100000002000000020000000200000001000000020000000200000002
0000000100000002000000020000000200000002000000020000000200000002
0000000200000002000000020000000200000002000000020000000200000002
0000000200000002000000020000000200000002000000020000000200000002
0000000200000002000000020000000100000002000000020000000200000002
0000000200000002000000010000000200000002000000020000000200000002
0000000200000002000000020000000200000002000000020000000200000002
0000000200000002000000020000000200000002000000020000000200000002
0000000200000002000000010000000200000002000000010000000200000002
0000000200000001000000020000000200000002000000010000000200000002
0000000200000002000000020000000200000002000000020000000200000002
0000000200000002000000020000000200000002000000020000000200000002
0000000200000002000000020000000200000002000000020000000200000002
0000000200000002000000020000000200000002000000020000000200000002
0000000200000002000000020000000200000002000000020000000200000002
0000000200000002000000020000000200000002000000020000000200000002
0000000200000002000000020000000200000002000000020000000200000002
0000000200000002000000020000000200000002000000020000000200000002
0000000200000002000000020000000200000002000000020000000200000002
0000000200000002000000010000000100000002000000020000000200000001
0000000200000002000000020000000100000002000000020000000200000001
0000000200000001000000020000000200000002000000020000000200000002
0000000100000002000000020000000200000002000000020000000200000002
0000000200000002000000020000000200000002000000020000000200000002
0000000200000002000000020000000200000002000000020000000200000002
0000000200000002000000020000000200000002000000020000000200000002
0000000200000002000000020000000200000002000000020000000200000001
0000000200000002000000020000000200000002000000020000000100000001
0000000100000002000000020000000200000001000000020000000200000002
0000000100000002000000020000000200000001000000020000000200000002
0000000200000002000000020000000200000002000000020000000200000002
0000000200000002000000020000000200000002000000020000000200000002
0000000200000002000000020000000200000002000000020000000200000002
0000000200000002000000020000000200000002000000020000000200000002
0000000200000002000000020000000200000002000000020000000200000002
0000000200000002000000020000000200000002000000020000000200000002
0000000200000002000000020000000200000002000000020000000200000002
0000000200000002000000020000000200000002000000020000000200000002
0000000200000002000000020000000200000002000000020000000200000001
0000000200000002000000010000000200000002000000020000000100000002
0000000200000002000000010000000200000002000000020000000200000002
0000000200000002000000020000000200000002000000020000000200000002
0000000200000002000000020000000200000002000000020000000200000002
0000000200000002000000020000000200000002000000010000000200000002
0000000200000002000000020000000200000001000000020000000200000002
0000000200000002000000020000000200000002000000020000000200000002
0000000200000002000000020000000200000002000000020000000200000002
0000000200000002000000020000000200000001000000020000000200000001
0000000200000002000000020000000100000002000000020000000200000001
0000000200000002000000020000000200000002000000020000000200000002
0000000200000002000000020000000200000002000000020000000200000002
0000000200000002000000020000000200000002000000020000000200000002
0000000200000002000000020000000200000002000000020000000200000002
0000000200000002000000020000000200000002000000020000000200000002
0000000200000002000000020000000200000002000000020000000200000002
0000000200000002000000020000000200000002000000020000000200000002
0000000200000002000000020000000200000002000000020000000200000002
0000000200000002000000020000000200000002000000020000000200000002
0000000200000002000000020000000200000001000000010000000200000002
0000000200000001000000020000000200000002000000010000000200000002
0000000200000001000000020000000100000002000000020000000200000002
0000000200000002000000010000000200000002000000020000000200000002
0000000200000002000000020000000200000002000000020000000200000002
0000000200000002000000020000000200000002000000020000000200000002
0000000200000002000000020000000200000002000000020000000200000002
0000000200000002000000020000000200000002000000020000000200000002
0000000200000001000000020000000200000002000000020000000200000002
0000000100000001000000010000000200000002000000020000000100000002
0000000200000002000000010000000200000002000000020000000100000002
0000000200000002000000020000000200000002000000020000000200000002
0000000200000002000000020000000200000002000000020000000200000002
0000000200000002000000020000000200000002000000020000000200000002
0000000200000002000000020000000200000002000000020000000200000002
0000000200000002000000020000000200000002000000020000000200000002
0000000200000002000000020000000200000002000000020000000200000002
0000000200000002000000020000000200000002000000020000000200000002
0000000200000002000000020000000200000002000000020000000200000002
0000000200000002000000020000000200000002000000020000000200000002
0000000200000001000000020000000200000001000000020000000200000002
0000000100000002000000020000000200000001000000020000000200000002
0000000200000002000000020000000200000002000000020000000200000002
0000000200000002000000020000000200000002000000020000000200000002
0000000200000002000000020000000200000002000000020000000200000001
0000000200000002000000020000000200000002000000020000000100000002
0000000200000002000000020000000200000002000000020000000200000002
0000000200000002000000020000000200000002000000020000000200000002
0000000200000002000000020000000200000002000000020000000100000002
0000000200000001000000020000000200000002000000010000000200000002
0000000200000001000000020000000200000002000000020000000200000002
0000000200000002000000020000000200000002000000020000000200000002
0000000200000002000000020000000200000002000000020000000200000002
0000000200000002000000020000000200000002000000020000000200000002
0000000200000002000000020000000200000002000000020000000200000002
0000000200000002000000020000000200000002000000020000000200000002
0000000200000002000000020000000200000002000000020000000200000002
0000000200000002000000020000000200000002000000020000000200000002
0000000200000002000000020000000200000002000000020000000200000002
0000000200000002000000020000000200000002000000020000000100000001
0000000200000002000000020000000100000002000000020000000200000001
0000000200000002000000020000000100000002000000010000000200000002
0000000200000002000000020000000200000001000000020000000200000002
0000000200000002000000020000000200000002000000020000000200000002
0000000200000002000000020000000200000002000000020000000200000002
0000000200000002000000020000000200000002000000020000000200000002
0000000200000002000000020000000200000002000000020000000200000002
0000000200000002000000020000000100000002000000020000000200000002
0000000200000002000000010000000100000001000000020000000200000002
0000000100000002000000020000000200000001000000020000000200000002
0000000100000002000000020000000200000002000000020000000200000002
0000000200000002000000020000000200000002000000020000000200000002
0000000200000002000000020000000200000002000000020000000200000002
0000000200000002000000020000000200000002000000020000000200000002
0000000200000002000000020000000200000002000000020000000200000002
0000000200000002000000020000000200000002000000020000000200000002
0000000200000002000000020000000200000002000000020000000200000002
0000000200000002000000020000000200000002000000020000000200000002
0000000200000002000000020000000200000002000000020000000200000002
0000000200000002000000020000000100000002000000020000000100000002
0000000200000002000000010000000200000002000000020000000100000002
0000000200000002000000020000000200000002000000020000000200000002
0000000200000002000000020000000200000002000000020000000200000002
0000000200000002000000020000000200000002000000020000000200000002
0000000200000001000000020000000200000002000000020000000200000002
0000000100000002000000020000000200000002000000020000000200000002
0000000200000002000000020000000200000002000000020000000200000002
0000000200000002000000020000000200000002000000020000000200000002
0000000100000002000000020000000100000002000000020000000200000001
0000000200000002000000020000000100000002000000020000000200000002
0000000200000002000000020000000200000002000000020000000200000002
0000000200000002000000020000000200000002000000020000000200000002
0000000200000002000000020000000200000002000000020000000200000002
0000000200000002000000020000000200000002000000020000000200000002
0000000200000002000000020000000200000002000000020000000200000002
0000000200000002000000020000000200000002000000020000000200000002
0000000200000002000000020000000200000002000000020000000200000002
0000000200000002000000020000000200000002000000020000000200000002
0000000200000002000000020000000200000002000000020000000200000002
0000000100000001000000020000000200000002000000010000000200000002
0000000200000001000000020000000200000002000000010000000200000001
0000000200000002000000020000000200000002000000020000000100000002
0000000200000002000000020000000200000002000000020000000200000002
0000000200000002000000020000000200000002000000020000000200000002
0000000200000002000000020000000200000002000000020000000200000002
0000000200000002000000020000000200000002000000020000000200000002
0000000200000002000000020000000200000002000000010000000200000002
0000000200000002000000020000000200000001000000010000000100000002
0000000200000002000000010000000200000002000000020000000100000002
0000000200000002000000010000000200000002000000020000000200000002
0000000200000002000000020000000200000002000000030000000200000003
0000000200000003000000020000000300000002000000030000000200000003
0000000200000002000000030000000300000003000000030000000300000003
0000000300000002000000020000000300000002000000030000000200000003
0000000200000003000000020000000300000002000000030000000200000002
0000000300000003000000030000000300000003000000030000000300000002
0000000200000003000000020000000300000002000000030000000200000003
0000000200000003000000020000000300000002000000020000000200000002
0000000200000002000000020000000200000002000000010000000200000002
0000000100000002000000020000000200000001000000020000000200000002
0000000100000002000000020000000200000002000000020000000200000002
0000000200000002000000020000000200000002000000020000000200000002
0000000200000002000000020000000200000002000000020000000200000002
0000000200000002000000020000000100000002000000020000000200000002
0000000200000002000000010000000200000002000000020000000200000002
0000000200000002000000020000000200000002000000020000000200000002
0000000200000002000000020000000200000002000000020000000200000002
0000000200000002000000010000000200000002000000010000000200000002
0000000200000001000000020000000200000002000000010000000200000002
0000000200000002000000020000000200000002000000020000000200000002
0000000200000002000000030000000200000003000000020000000300000002
0000000300000002000000030000000200000003000000020000000200000003
0000000300000003000000030000000300000003000000030000000200000002
0000000300000002000000030000000200000003000000020000000300000002
0000000300000002000000030000000200000002000000030000000300000003
0000000300000003000000030000000300000002000000020000000300000002
0000000300000002000000030000000200000003000000020000000300000002
0000000300000002000000020000000200000002000000020000000200000002
0000000200000002000000010000000100000002000000020000000200000001
0000000200000002000000020000000100000002000000020000000200000001
0000000200000001000000020000000200000002000000020000000200000002
0000000100000002000000020000000200000002000000020000000200000002
0000000200000002000000020000000200000002000000020000000200000002
0000000200000002000000020000000200000002000000020000000200000002
0000000200000002000000020000000200000002000000020000000200000002
0000000200000002000000020000000200000002000000020000000200000001
0000000200000002000000020000000200000002000000020000000100000001
0000000100000002000000020000000200000001000000020000000200000002
0000000100000002000000020000000200000001000000020000000200000002
0000000200000002000000020000000200000002000000020000000200000003
0000000200000003000000020000000300000002000000030000000200000003
0000000200000003000000020000000200000003000000030000000300000003
0000000300000003000000030000000200000002000000030000000200000003
0000000200000003000000020000000300000002000000030000000200000003
0000000200000002000000030000000300000003000000030000000300000003
0000000300000002000000020000000300000002000000030000000200000003
0000000200000003000000020000000300000002000000030000000200000002
0000000200000002000000020000000200000002000000020000000200000001
0000000200000002000000010000000200000002000000020000000100000002
0000000200000002000000010000000200000002000000020000000200000002
0000000200000002000000020000000200000002000000020000000200000002
0000000200000002000000020000000200000002000000020000000200000002
0000000200000002000000020000000200000002000000010000000200000002
0000000200000002000000020000000200000001000000020000000200000002
0000000200000002000000020000000200000002000000020000000200000002
0000000200000002000000020000000200000002000000020000000200000002
0000000200000002000000020000000200000001000000020000000200000001
0000000200000002000000020000000100000002000000020000000200000001
0000000200000002000000020000000200000002000000020000000200000002
0000000200000002000000020000000200000003000000020000000300000002
0000000300000002000000030000000200000003000000020000000300000002
0000000200000003000000030000000300000003000000030000000300000003
0000000200000002000000030000000200000003000000020000000300000002
0000000300000002000000030000000200000003000000020000000200000003
0000000300000003000000030000000300000003000000030000000200000002
0000000300000002000000030000000200000003000000020000000300000002
0000000300000002000000030000000200000002000000020000000200000002
0000000200000002000000020000000200000001000000010000000200000002
0000000200000001000000020000000200000002000000010000000200000002
0000000200000001000000020000000100000002000000020000000200000002
0000000200000002000000010000000200000002000000020000000200000002
0000000200000002000000020000000200000002000000020000000200000002
0000000200000002000000020000000200000002000000020000000200000002
0000000200000002000000020000000200000002000000020000000200000002
0000000200000002000000020000000200000002000000020000000200000002
0000000200000001000000020000000200000002000000020000000200000002
0000000100000001000000010000000200000002000000020000000100000002
0000000200000002000000010000000200000002000000020000000100000002
0000000200000002000000020000000200000002000000020000000200000002
0000000200000003000000020000000300000002000000030000000200000003
0000000200000003000000020000000300000002000000020000000300000003
0000000300000003000000030000000300000003000000020000000200000003
0000000200000003000000020000000300000002000000030000000200000003
0000000200000003000000020000000200000003000000030000000300000003
0000000300000003000000030000000200000002000000030000000200000003
0000000200000003000000020000000300000002000000030000000200000003
0000000200000002000000020000000200000002000000020000000200000002
0000000200000001000000020000000200000001000000020000000200000002
0000000100000002000000020000000200000001000000020000000200000002
0000000200000002000000020000000200000002000000020000000200000002
0000000200000002000000020000000200000002000000020000000200000002
0000000200000002000000020000000200000002000000020000000200000001
0000000200000002000000020000000200000002000000020000000100000002
0000000200000002000000020000000200000002000000020000000200000002
0000000200000002000000020000000200000002000000020000000200000002
0000000200000002000000020000000200000002000000020000000100000002
0000000200000001000000020000000200000002000000010000000200000002
0000000200000001000000020000000200000002000000020000000200000002
0000000200000002000000020000000200000002000000020000000300000002
0000000300000002000000030000000200000003000000020000000300000002
0000000300000002000000020000000300000003000000030000000300000003
0000000300000003000000020000000200000003000000020000000300000002
0000000300000002000000030000000200000003000000020000000300000002
0000000200000003000000030000000300000003000000030000000300000003
0000000200000002000000030000000200000003000000020000000300000002
0000000300000002000000030000000200000003000000020000000200000002
0000000200000002000000020000000200000002000000020000000100000001
0000000200000002000000020000000100000002000000020000000200000001
0000000200000002000000020000000100000002000000010000000200000002
0000000200000002000000020000000200000001000000020000000200000002
0000000200000002000000020000000200000002000000020000000200000002
0000000200000002000000020000000200000002000000020000000200000002
0000000200000002000000020000000200000002000000020000000200000002
0000000200000002000000020000000200000002000000020000000200000002
0000000200000002000000020000000100000002000000020000000200000002
0000000200000002000000010000000100000001000000020000000200000002
0000000100000002000000020000000200000001000000020000000200000002
0000000100000002000000020000000200000002000000020000000200000002
0000000200000002000000020000000300000002000000030000000200000003
0000000200000003000000020000000300000002000000030000000200000002
0000000300000003000000030000000300000003000000030000000300000002
0000000200000003000000020000000300000002000000030000000200000003
0000000200000003000000020000000300000002000000020000000300000003
0000000300000003000000030000000300000003000000020000000200000003
0000000200000003000000020000000300000002000000030000000200000003
0000000200000003000000020000000200000002000000020000000200000002
0000000200000002000000020000000100000002000000020000000100000002
0000000200000002000000010000000200000002000000020000000100000002
0000000200000002000000020000000200000002000000020000000200000002
0000000200000002000000020000000200000002000000020000000200000002
0000000200000002000000020000000200000002000000020000000200000002
0000000200000001000000020000000200000002000000020000000200000002
0000000100000002000000020000000200000002000000020000000200000002
0000000200000002000000020000000200000002000000020000000200000002
0000000200000002000000020000000200000002000000020000000200000002
0000000100000002000000020000000100000002000000020000000200000001
0000000200000002000000020000000100000002000000020000000200000002
0000000200000002000000020000000200000002000000020000000200000002
0000000300000002000000030000000200000003000000020000000300000002
0000000300000002000000030000000200000002000000030000000300000003
0000000300000003000000030000000300000002000000020000000300000002
0000000300000002000000030000000200000003000000020000000300000002
0000000300000002000000020000000300000003000000030000000300000003
0000000300000003000000020000000200000003000000020000000300000002
0000000300000002000000030000000200000003000000020000000300000002
0000000200000002000000020000000200000002000000020000000200000002
0000000100000001000000020000000200000002000000010000000200000002
0000000200000001000000020000000200000002000000010000000200000001
0000000200000002000000020000000200000002000000020000000100000002
0000000200000002000000020000000200000002000000020000000200000002
0000000200000002000000020000000200000002000000020000000200000002
0000000200000002000000020000000200000002000000020000000200000002
0000000200000002000000020000000200000002000000020000000200000002
0000000200000002000000020000000200000002000000010000000200000002
0000000200000002000000020000000200000001000000010000000100000002
0000000200000002000000010000000200000002000000020000000100000002
0000000200000002000000010000000200000002000000020000000200000002
0000000200000002000000020000000200000002000000030000000200000003
0000000200000003000000020000000300000002000000030000000200000003
0000000200000002000000030000000300000003000000030000000300000003
0000000300000002000000020000000300000002000000030000000200000003
0000000200000003000000020000000300000002000000030000000200000002
0000000300000003000000030000000300000003000000030000000300000002
0000000200000003000000020000000300000002000000030000000200000003
0000000200000003000000020000000300000002000000020000000200000002
0000000200000002000000020000000200000002000000010000000200000002
0000000100000002000000020000000200000001000000020000000200000002
0000000100000002000000020000000200000002000000020000000200000002
0000000200000002000000020000000200000002000000020000000200000002
0000000200000002000000020000000200000002000000020000000200000002
0000000200000002000000020000000100000002000000020000000200000002
0000000200000002000000010000000200000002000000020000000200000002
0000000200000002000000020000000200000002000000020000000200000002
0000000200000002000000020000000200000002000000020000000200000002
0000000200000002000000010000000200000002000000010000000200000002
0000000200000001000000020000000200000002000000010000000200000002
0000000200000002000000020000000200000002000000020000000200000002
0000000200000002000000030000000200000003000000020000000300000002
0000000300000002000000030000000200000003000000020000000200000003
0000000300000003000000030000000300000003000000030000000200000002
0000000300000002000000030000000200000003000000020000000300000002
0000000300000002000000030000000200000002000000030000000300000003
0000000300000003000000030000000300000002000000020000000300000002
0000000300000002000000030000000200000003000000020000000300000002
0000000300000002000000020000000200000002000000020000000200000002
0000000200000002000000010000000100000002000000020000000200000001
0000000200000002000000020000000100000002000000020000000200000001
0000000200000001000000020000000200000002000000020000000200000002
0000000100000002000000020000000200000002000000020000000200000002
0000000200000002000000020000000200000002000000020000000200000002
0000000200000002000000020000000200000002000000020000000200000002
0000000200000002000000020000000200000002000000020000000200000002
0000000200000002000000020000000200000002000000020000000200000001
0000000200000002000000020000000200000002000000020000000100000001
0000000100000002000000020000000200000001000000020000000200000002
0000000100000002000000020000000200000001000000020000000200000002
0000000200000002000000020000000200000002000000020000000200000003
0000000200000003000000020000000300000002000000030000000200000003
0000000200000003000000020000000200000003000000030000000300000003
0000000300000003000000030000000200000002000000030000000200000003
0000000200000003000000020000000300000002000000030000000200000003
0000000200000002000000030000000300000003000000030000000300000003
0000000300000002000000020000000300000002000000030000000200000003
0000000200000003000000020000000300000002000000030000000200000002
0000000200000002000000020000000200000002000000020000000200000001
0000000200000002000000010000000200000002000000020000000100000002
0000000200000002000000010000000200000002000000010000000200000002
0000000200000002000000020000000200000002000000020000000200000002
0000000200000002000000020000000200000002000000020000000200000002
0000000200000002000000020000000200000002000000010000000200000002
0000000200000002000000020000000200000001000000020000000200000002
0000000200000002000000020000000200000002000000020000000200000002
0000000200000002000000020000000200000002000000020000000200000002
0000000200000002000000020000000200000001000000020000000200000001
0000000200000002000000020000000100000002000000020000000200000001
0000000200000002000000010000000200000002000000020000000200000002
0000000200000002000000020000000200000002000000010000000200000002
0000000200000001000000020000000200000002000000010000000200000002
0000000200000002000000020000000200000002000000020000000200000002
0000000200000001000000020000000200000002000000010000000200000002
0000000200000001000000020000000200000002000000010000000200000002
0000000200000002000000020000000200000002000000020000000200000002
0000000200000001000000020000000200000002000000010000000200000002
0000000200000001000000020000000200000002000000020000000200000002
0000000200000002000000020000000200000001000000010000000100000001
